              precision    recall  f1-score   support

           0       1.00      1.00      1.00         2
           1       0.00      0.00      0.00         2
           2       0.20      0.50      0.29         2
           3       0.00      0.00      0.00         2
           4       0.00      0.00      0.00         2
           5       0.00      0.00      0.00         2
           6       1.00      0.50      0.67         2
           7       0.00      0.00      0.00         2
           8       0.00      0.00      0.00         2
           9       0.33      1.00      0.50         2
          10       1.00      1.00      1.00         2
          11       0.00      0.00      0.00         2
          12       1.00      0.50      0.67         2
          13       0.00      0.00      0.00         2
          14       0.50      0.50      0.50         2

   micro avg       0.33      0.33      0.33        30
   macro avg       0.34      0.33      0.31        30
weighted avg       0.34      0.33      0.31        30
