              precision    recall  f1-score   support

           0       0.50      0.50      0.50         2
           1       0.50      0.50      0.50         2
           2       0.00      0.00      0.00         2
           3       0.00      0.00      0.00         2
           4       0.50      0.50      0.50         2
           5       0.25      0.50      0.33         2
           6       1.00      0.50      0.67         2
           7       0.00      0.00      0.00         2
           8       0.00      0.00      0.00         2
           9       0.33      0.50      0.40         2
          10       0.33      0.50      0.40         2
          11       0.50      0.50      0.50         2
          12       0.00      0.00      0.00         2
          13       0.00      0.00      0.00         2
          14       0.00      0.00      0.00         2

   micro avg       0.27      0.27      0.27        30
   macro avg       0.26      0.27      0.25        30
weighted avg       0.26      0.27      0.25        30
