              precision    recall  f1-score   support

           0       0.00      0.00      0.00         1
           1       0.00      0.00      0.00         1
           2       0.00      0.00      0.00         1
           3       0.00      0.00      0.00         1
           4       1.00      1.00      1.00         1
           5       0.00      0.00      0.00         1
           6       0.00      0.00      0.00         1
           7       1.00      1.00      1.00         1
           8       0.00      0.00      0.00         1
           9       0.00      0.00      0.00         1
          10       1.00      1.00      1.00         1
          11       0.00      0.00      0.00         1
          12       1.00      1.00      1.00         1
          13       0.00      0.00      0.00         1
          14       0.33      1.00      0.50         1

   micro avg       0.33      0.33      0.33        15
   macro avg       0.29      0.33      0.30        15
weighted avg       0.29      0.33      0.30        15
