              precision    recall  f1-score   support

           0       0.00      0.00      0.00         1
           1       0.00      0.00      0.00         1
           2       0.00      0.00      0.00         1
           3       1.00      1.00      1.00         1
           4       0.00      0.00      0.00         1
           5       0.00      0.00      0.00         1
           6       0.50      1.00      0.67         1
           7       0.00      0.00      0.00         1
           8       0.00      0.00      0.00         1
           9       0.50      1.00      0.67         1
          10       1.00      1.00      1.00         1
          11       1.00      1.00      1.00         1
          12       0.00      0.00      0.00         1
          13       1.00      1.00      1.00         1
          14       1.00      1.00      1.00         1

   micro avg       0.47      0.47      0.47        15
   macro avg       0.40      0.47      0.42        15
weighted avg       0.40      0.47      0.42        15
