              precision    recall  f1-score   support

           0       0.00      0.00      0.00         1
           1       1.00      1.00      1.00         1
           2       0.50      1.00      0.67         1
           3       0.00      0.00      0.00         1
           4       0.00      0.00      0.00         1
           5       0.50      1.00      0.67         1
           6       0.50      1.00      0.67         1
           7       1.00      1.00      1.00         1
           8       0.50      1.00      0.67         1
           9       0.00      0.00      0.00         1
          10       0.00      0.00      0.00         1
          11       1.00      1.00      1.00         1
          12       1.00      1.00      1.00         1
          13       0.50      1.00      0.67         1
          14       0.00      0.00      0.00         1

   micro avg       0.60      0.60      0.60        15
   macro avg       0.43      0.60      0.49        15
weighted avg       0.43      0.60      0.49        15
