              precision    recall  f1-score   support

           0       0.25      0.50      0.33         2
           1       0.25      0.50      0.33         2
           2       1.00      1.00      1.00         2
           3       0.00      0.00      0.00         2
           4       0.00      0.00      0.00         2
           5       0.33      1.00      0.50         2
           6       0.00      0.00      0.00         2
           7       1.00      0.50      0.67         2
           8       0.00      0.00      0.00         2
           9       0.00      0.00      0.00         2
          10       0.67      1.00      0.80         2
          11       0.50      0.50      0.50         2
          12       0.00      0.00      0.00         2
          13       0.50      0.50      0.50         2
          14       0.00      0.00      0.00         2

   micro avg       0.37      0.37      0.37        30
   macro avg       0.30      0.37      0.31        30
weighted avg       0.30      0.37      0.31        30
