              precision    recall  f1-score   support

           0       0.67      1.00      0.80         2
           1       0.00      0.00      0.00         2
           2       0.00      0.00      0.00         2
           3       1.00      0.50      0.67         2
           4       0.00      0.00      0.00         2
           5       1.00      0.50      0.67         2
           6       0.00      0.00      0.00         2
           7       0.00      0.00      0.00         2
           8       0.00      0.00      0.00         2
           9       0.00      0.00      0.00         2
          10       1.00      0.50      0.67         2
          11       0.40      1.00      0.57         2
          12       0.50      0.50      0.50         2
          13       0.33      0.50      0.40         2
          14       0.33      1.00      0.50         2

   micro avg       0.37      0.37      0.37        30
   macro avg       0.35      0.37      0.32        30
weighted avg       0.35      0.37      0.32        30
