              precision    recall  f1-score   support

           0       1.00      0.50      0.67         2
           1       1.00      0.50      0.67         2
           2       0.50      0.50      0.50         2
           3       0.00      0.00      0.00         2
           4       0.20      0.50      0.29         2
           5       1.00      0.50      0.67         2
           6       0.67      1.00      0.80         2
           7       1.00      0.50      0.67         2
           8       0.33      0.50      0.40         2
           9       1.00      0.50      0.67         2
          10       0.00      0.00      0.00         2
          11       0.00      0.00      0.00         2
          12       0.00      0.00      0.00         2
          13       1.00      0.50      0.67         2
          14       0.33      1.00      0.50         2

   micro avg       0.43      0.43      0.43        30
   macro avg       0.54      0.43      0.43        30
weighted avg       0.54      0.43      0.43        30
