              precision    recall  f1-score   support

           0       0.20      0.50      0.29         2
           1       1.00      0.50      0.67         2
           2       1.00      0.50      0.67         2
           3       0.00      0.00      0.00         2
           4       0.00      0.00      0.00         2
           5       0.00      0.00      0.00         2
           6       1.00      0.50      0.67         2
           7       0.00      0.00      0.00         2
           8       1.00      0.50      0.67         2
           9       1.00      0.50      0.67         2
          10       0.00      0.00      0.00         2
          11       0.00      0.00      0.00         2
          12       0.50      0.50      0.50         2
          13       0.20      0.50      0.29         2
          14       0.00      0.00      0.00         2

   micro avg       0.27      0.27      0.27        30
   macro avg       0.39      0.27      0.29        30
weighted avg       0.39      0.27      0.29        30
