              precision    recall  f1-score   support

           0       0.67      1.00      0.80         2
           1       0.75      1.00      0.86         3
           2       1.00      0.25      0.40         4
           3       0.00      0.00      0.00         0
           4       0.00      0.00      0.00         3
           5       1.00      1.00      1.00         1
           6       1.00      0.50      0.67         4
           7       0.00      0.00      0.00         1
           8       0.75      0.75      0.75         4
           9       0.33      1.00      0.50         2
          10       0.33      1.00      0.50         1
          11       0.00      0.00      0.00         0
          12       0.00      0.00      0.00         2
          13       1.00      0.50      0.67         2
          14       0.00      0.00      0.00         1

   micro avg       0.53      0.53      0.53        30
   macro avg       0.46      0.47      0.41        30
weighted avg       0.62      0.53      0.51        30
