              precision    recall  f1-score   support

           0       0.00      0.00      0.00         1
           1       1.00      1.00      1.00         1
           2       1.00      1.00      1.00         1
           3       0.00      0.00      0.00         1
           4       0.00      0.00      0.00         1
           5       0.20      1.00      0.33         1
           6       0.25      1.00      0.40         1
           7       0.00      0.00      0.00         1
           8       0.00      0.00      0.00         1
           9       0.00      0.00      0.00         1
          10       0.00      0.00      0.00         1
          11       0.00      0.00      0.00         1
          12       0.00      0.00      0.00         1
          13       0.00      0.00      0.00         1
          14       1.00      1.00      1.00         1

   micro avg       0.33      0.33      0.33        15
   macro avg       0.23      0.33      0.25        15
weighted avg       0.23      0.33      0.25        15
