              precision    recall  f1-score   support

           0       1.00      0.50      0.67         2
           1       0.50      0.50      0.50         2
           2       0.50      0.50      0.50         2
           3       1.00      0.50      0.67         2
           4       0.00      0.00      0.00         2
           5       0.50      0.50      0.50         2
           6       0.50      0.50      0.50         2
           7       0.50      0.50      0.50         2
           8       0.33      0.50      0.40         2
           9       0.00      0.00      0.00         2
          10       1.00      0.50      0.67         2
          11       0.50      0.50      0.50         2
          12       0.00      0.00      0.00         2
          13       1.00      0.50      0.67         2
          14       0.29      1.00      0.44         2

   micro avg       0.43      0.43      0.43        30
   macro avg       0.51      0.43      0.43        30
weighted avg       0.51      0.43      0.43        30
