              precision    recall  f1-score   support

           0       0.33      0.50      0.40         2
           1       0.67      1.00      0.80         2
           2       0.00      0.00      0.00         2
           3       1.00      1.00      1.00         2
           4       0.00      0.00      0.00         2
           5       0.67      1.00      0.80         2
           6       0.50      0.50      0.50         2
           7       1.00      0.50      0.67         2
           8       0.25      0.50      0.33         2
           9       0.67      1.00      0.80         2
          10       1.00      0.50      0.67         2
          11       0.00      0.00      0.00         2
          12       1.00      0.50      0.67         2
          13       0.50      0.50      0.50         2
          14       1.00      1.00      1.00         2

   micro avg       0.57      0.57      0.57        30
   macro avg       0.57      0.57      0.54        30
weighted avg       0.57      0.57      0.54        30
