              precision    recall  f1-score   support

           0       0.00      0.00      0.00         4
           1       0.25      1.00      0.40         1
           2       1.00      0.50      0.67         2
           3       0.50      0.50      0.50         2
           4       0.50      0.40      0.44         5
           5       1.00      1.00      1.00         1
           6       0.33      0.50      0.40         2
           7       0.40      1.00      0.57         2
           8       0.50      0.33      0.40         3
           9       1.00      1.00      1.00         2
          10       0.67      1.00      0.80         2
          11       0.00      0.00      0.00         2
          12       0.00      0.00      0.00         0
          13       0.00      0.00      0.00         0
          14       1.00      1.00      1.00         2

   micro avg       0.53      0.53      0.53        30
   macro avg       0.48      0.55      0.48        30
weighted avg       0.50      0.53      0.49        30
