              precision    recall  f1-score   support

           0       0.00      0.00      0.00         2
           1       0.12      0.50      0.20         2
           2       0.12      0.50      0.20         2
           3       0.67      1.00      0.80         2
           4       0.00      0.00      0.00         2
           5       0.50      0.50      0.50         2
           6       0.50      0.50      0.50         2
           7       0.00      0.00      0.00         2
           8       0.00      0.00      0.00         2
           9       0.00      0.00      0.00         2
          10       1.00      1.00      1.00         2
          11       0.00      0.00      0.00         2
          12       0.00      0.00      0.00         2
          13       0.00      0.00      0.00         2
          14       0.00      0.00      0.00         2

   micro avg       0.27      0.27      0.27        30
   macro avg       0.19      0.27      0.21        30
weighted avg       0.19      0.27      0.21        30
