              precision    recall  f1-score   support

           0       1.00      1.00      1.00         2
           1       0.00      0.00      0.00         0
           2       0.50      1.00      0.67         2
           3       1.00      0.50      0.67         2
           4       0.60      0.75      0.67         4
           5       0.50      0.50      0.50         4
           6       1.00      1.00      1.00         2
           7       1.00      0.33      0.50         3
           8       1.00      0.33      0.50         3
           9       0.00      0.00      0.00         0
          10       0.50      1.00      0.67         1
          11       1.00      1.00      1.00         3
          12       0.00      0.00      0.00         0
          13       0.50      1.00      0.67         1
          14       1.00      1.00      1.00         3

   micro avg       0.73      0.73      0.73        30
   macro avg       0.64      0.63      0.59        30
weighted avg       0.81      0.73      0.72        30
