              precision    recall  f1-score   support

           0       0.50      0.50      0.50         2
           1       0.33      1.00      0.50         2
           2       0.40      1.00      0.57         2
           3       0.00      0.00      0.00         2
           4       0.00      0.00      0.00         2
           5       0.40      1.00      0.57         2
           6       0.50      0.50      0.50         2
           7       1.00      0.50      0.67         2
           8       0.00      0.00      0.00         2
           9       1.00      0.50      0.67         2
          10       1.00      0.50      0.67         2
          11       0.50      0.50      0.50         2
          12       0.00      0.00      0.00         2
          13       0.00      0.00      0.00         2
          14       0.00      0.00      0.00         2

   micro avg       0.40      0.40      0.40        30
   macro avg       0.38      0.40      0.34        30
weighted avg       0.38      0.40      0.34        30
