              precision    recall  f1-score   support

           0       0.50      0.50      0.50         2
           1       1.00      0.50      0.67         2
           2       0.67      0.50      0.57         4
           3       0.50      1.00      0.67         1
           4       1.00      1.00      1.00         1
           5       0.50      1.00      0.67         2
           6       0.60      0.60      0.60         5
           7       0.00      0.00      0.00         0
           8       0.00      0.00      0.00         0
           9       0.00      0.00      0.00         2
          10       0.00      0.00      0.00         1
          11       0.67      0.67      0.67         3
          12       0.67      1.00      0.80         2
          13       0.50      0.33      0.40         3
          14       1.00      1.00      1.00         2

   micro avg       0.60      0.60      0.60        30
   macro avg       0.51      0.54      0.50        30
weighted avg       0.60      0.60      0.58        30
