              precision    recall  f1-score   support

           0       0.00      0.00      0.00         2
           1       1.00      0.50      0.67         2
           2       0.14      0.50      0.22         2
           3       0.25      0.50      0.33         2
           4       0.00      0.00      0.00         2
           5       0.50      0.50      0.50         2
           6       0.00      0.00      0.00         2
           7       0.00      0.00      0.00         2
           8       0.00      0.00      0.00         2
           9       0.00      0.00      0.00         2
          10       0.00      0.00      0.00         2
          11       0.00      0.00      0.00         2
          12       1.00      0.50      0.67         2
          13       0.33      0.50      0.40         2
          14       1.00      0.50      0.67         2

   micro avg       0.23      0.23      0.23        30
   macro avg       0.28      0.23      0.23        30
weighted avg       0.28      0.23      0.23        30
