              precision    recall  f1-score   support

           0       0.67      0.67      0.67         3
           1       0.50      1.00      0.67         1
           2       1.00      1.00      1.00         2
           3       1.00      1.00      1.00         2
           4       0.50      0.50      0.50         2
           5       1.00      1.00      1.00         3
           6       0.50      1.00      0.67         2
           7       0.50      0.50      0.50         2
           8       0.00      0.00      0.00         1
           9       1.00      0.75      0.86         4
          10       0.00      0.00      0.00         0
          11       0.33      0.50      0.40         2
          12       1.00      1.00      1.00         1
          13       0.33      1.00      0.50         1
          14       0.00      0.00      0.00         4

   micro avg       0.67      0.67      0.67        30
   macro avg       0.56      0.66      0.58        30
weighted avg       0.62      0.67      0.62        30
