              precision    recall  f1-score   support

           0       0.00      0.00      0.00         1
           1       1.00      1.00      1.00         1
           2       0.00      0.00      0.00         1
           3       1.00      1.00      1.00         1
           4       1.00      1.00      1.00         1
           5       0.00      0.00      0.00         1
           6       0.00      0.00      0.00         1
           7       1.00      1.00      1.00         1
           8       1.00      1.00      1.00         1
           9       1.00      1.00      1.00         1
          10       0.25      1.00      0.40         1
          11       0.50      1.00      0.67         1
          12       1.00      1.00      1.00         1
          13       0.00      0.00      0.00         1
          14       0.00      0.00      0.00         1

   micro avg       0.60      0.60      0.60        15
   macro avg       0.52      0.60      0.54        15
weighted avg       0.52      0.60      0.54        15
