              precision    recall  f1-score   support

           0       0.50      1.00      0.67         2
           1       0.00      0.00      0.00         2
           2       0.67      1.00      0.80         2
           3       1.00      0.50      0.67         2
           4       1.00      0.50      0.67         2
           5       0.67      1.00      0.80         2
           6       1.00      1.00      1.00         2
           7       1.00      0.50      0.67         2
           8       0.40      1.00      0.57         2
           9       1.00      1.00      1.00         2
          10       0.00      0.00      0.00         2
          11       0.00      0.00      0.00         2
          12       1.00      0.50      0.67         2
          13       0.50      1.00      0.67         2
          14       0.33      0.50      0.40         2

   micro avg       0.63      0.63      0.63        30
   macro avg       0.60      0.63      0.57        30
weighted avg       0.60      0.63      0.57        30
