              precision    recall  f1-score   support

           0       0.50      1.00      0.67         1
           1       0.60      0.75      0.67         4
           2       1.00      1.00      1.00         4
           3       1.00      1.00      1.00         2
           4       1.00      0.50      0.67         2
           5       1.00      0.50      0.67         2
           6       0.00      0.00      0.00         1
           7       1.00      0.75      0.86         4
           8       0.00      0.00      0.00         0
           9       1.00      1.00      1.00         1
          10       1.00      0.50      0.67         2
          11       1.00      1.00      1.00         1
          12       0.33      0.50      0.40         2
          13       0.50      0.50      0.50         2
          14       0.67      1.00      0.80         2

   micro avg       0.73      0.73      0.73        30
   macro avg       0.71      0.67      0.66        30
weighted avg       0.80      0.73      0.74        30
