              precision    recall  f1-score   support

           0       0.40      1.00      0.57         2
           1       0.00      0.00      0.00         2
           2       0.00      0.00      0.00         2
           3       0.00      0.00      0.00         2
           4       0.50      1.00      0.67         2
           5       0.00      0.00      0.00         2
           6       0.00      0.00      0.00         2
           7       0.00      0.00      0.00         2
           8       1.00      0.50      0.67         2
           9       0.00      0.00      0.00         2
          10       0.00      0.00      0.00         2
          11       0.00      0.00      0.00         2
          12       0.00      0.00      0.00         2
          13       0.00      0.00      0.00         2
          14       0.20      0.50      0.29         2

   micro avg       0.20      0.20      0.20        30
   macro avg       0.14      0.20      0.15        30
weighted avg       0.14      0.20      0.15        30
