              precision    recall  f1-score   support

           0       1.00      0.83      0.91         6
           1       0.00      0.00      0.00         1
           2       0.00      0.00      0.00         0
           3       0.00      0.00      0.00         2
           4       0.00      0.00      0.00         1
           5       0.67      1.00      0.80         2
           6       0.40      0.67      0.50         3
           7       0.67      0.67      0.67         3
           8       0.00      0.00      0.00         1
           9       1.00      0.67      0.80         3
          10       0.75      1.00      0.86         3
          11       0.50      1.00      0.67         1
          12       1.00      1.00      1.00         2
          13       0.67      1.00      0.80         2
          14       0.00      0.00      0.00         0

   micro avg       0.70      0.70      0.70        30
   macro avg       0.44      0.52      0.47        30
weighted avg       0.65      0.70      0.66        30
