              precision    recall  f1-score   support

           0       0.33      0.50      0.40         2
           1       1.00      1.00      1.00         2
           2       0.00      0.00      0.00         2
           3       0.00      0.00      0.00         2
           4       0.50      0.50      0.50         2
           5       0.00      0.00      0.00         2
           6       1.00      1.00      1.00         2
           7       0.33      0.50      0.40         2
           8       0.00      0.00      0.00         2
           9       0.50      0.50      0.50         2
          10       0.00      0.00      0.00         2
          11       1.00      0.50      0.67         2
          12       0.00      0.00      0.00         2
          13       0.22      1.00      0.36         2
          14       0.00      0.00      0.00         2

   micro avg       0.37      0.37      0.37        30
   macro avg       0.33      0.37      0.32        30
weighted avg       0.33      0.37      0.32        30
