              precision    recall  f1-score   support

           0       0.00      0.00      0.00         1
           1       0.67      1.00      0.80         2
           2       1.00      1.00      1.00         1
           3       0.50      1.00      0.67         1
           4       1.00      1.00      1.00         2
           5       1.00      0.67      0.80         3
           6       1.00      1.00      1.00         2
           7       0.00      0.00      0.00         0
           8       1.00      1.00      1.00         3
           9       0.33      0.50      0.40         2
          10       1.00      0.67      0.80         6
          11       0.60      1.00      0.75         3
          12       1.00      0.50      0.67         2
          13       0.00      0.00      0.00         1
          14       0.00      0.00      0.00         1

   micro avg       0.73      0.73      0.73        30
   macro avg       0.61      0.62      0.59        30
weighted avg       0.78      0.73      0.73        30
