              precision    recall  f1-score   support

           0       0.50      1.00      0.67         1
           1       1.00      0.50      0.67         2
           2       0.00      0.00      0.00         0
           3       0.00      0.00      0.00         1
           4       1.00      0.67      0.80         3
           5       0.50      0.50      0.50         2
           6       0.50      0.50      0.50         2
           7       1.00      0.50      0.67         2
           8       0.00      0.00      0.00         3
           9       1.00      1.00      1.00         1
          10       1.00      0.50      0.67         2
          11       0.75      1.00      0.86         3
          12       0.50      1.00      0.67         2
          13       0.50      0.67      0.57         3
          14       0.60      1.00      0.75         3

   micro avg       0.63      0.63      0.63        30
   macro avg       0.59      0.59      0.55        30
weighted avg       0.64      0.63      0.60        30
