              precision    recall  f1-score   support

           0       0.00      0.00      0.00         2
           1       1.00      1.00      1.00         2
           2       0.00      0.00      0.00         2
           3       0.40      1.00      0.57         2
           4       1.00      0.50      0.67         2
           5       1.00      0.50      0.67         2
           6       1.00      0.50      0.67         2
           7       0.50      0.50      0.50         2
           8       0.50      1.00      0.67         2
           9       0.00      0.00      0.00         2
          10       0.50      1.00      0.67         2
          11       0.00      0.00      0.00         2
          12       1.00      1.00      1.00         2
          13       0.00      0.00      0.00         2
          14       0.33      0.50      0.40         2

   micro avg       0.50      0.50      0.50        30
   macro avg       0.48      0.50      0.45        30
weighted avg       0.48      0.50      0.45        30
