              precision    recall  f1-score   support

           0       0.00      0.00      0.00         2
           1       0.00      0.00      0.00         2
           2       0.67      1.00      0.80         2
           3       0.14      0.50      0.22         2
           4       0.00      0.00      0.00         2
           5       0.00      0.00      0.00         2
           6       0.00      0.00      0.00         2
           7       0.00      0.00      0.00         2
           8       0.00      0.00      0.00         2
           9       0.00      0.00      0.00         2
          10       0.00      0.00      0.00         2
          11       0.00      0.00      0.00         2
          12       0.00      0.00      0.00         2
          13       0.00      0.00      0.00         2
          14       0.00      0.00      0.00         2

   micro avg       0.10      0.10      0.10        30
   macro avg       0.05      0.10      0.07        30
weighted avg       0.05      0.10      0.07        30
