              precision    recall  f1-score   support

           0       0.00      0.00      0.00         2
           1       0.25      0.50      0.33         2
           2       0.25      0.50      0.33         2
           3       0.00      0.00      0.00         2
           4       0.00      0.00      0.00         2
           5       0.00      0.00      0.00         2
           6       0.00      0.00      0.00         2
           7       0.00      0.00      0.00         2
           8       0.00      0.00      0.00         2
           9       0.00      0.00      0.00         2
          10       0.50      0.50      0.50         2
          11       0.00      0.00      0.00         2
          12       0.00      0.00      0.00         2
          13       0.00      0.00      0.00         2
          14       0.00      0.00      0.00         2

   micro avg       0.10      0.10      0.10        30
   macro avg       0.07      0.10      0.08        30
weighted avg       0.07      0.10      0.08        30
