              precision    recall  f1-score   support

           0       0.00      0.00      0.00         2
           1       0.00      0.00      0.00         2
           2       0.00      0.00      0.00         2
           3       1.00      1.00      1.00         2
           4       1.00      0.50      0.67         2
           5       0.50      1.00      0.67         2
           6       0.00      0.00      0.00         2
           7       1.00      0.50      0.67         2
           8       0.00      0.00      0.00         2
           9       0.67      1.00      0.80         2
          10       0.50      0.50      0.50         2
          11       0.00      0.00      0.00         2
          12       0.00      0.00      0.00         2
          13       1.00      1.00      1.00         2
          14       0.12      0.50      0.20         2

   micro avg       0.40      0.40      0.40        30
   macro avg       0.39      0.40      0.37        30
weighted avg       0.39      0.40      0.37        30
