              precision    recall  f1-score   support

           0       1.00      0.50      0.67         2
           1       0.00      0.00      0.00         2
           2       0.17      0.50      0.25         2
           3       0.50      0.50      0.50         2
           4       0.50      0.50      0.50         2
           5       0.00      0.00      0.00         2
           6       1.00      0.50      0.67         2
           7       0.00      0.00      0.00         2
           8       0.33      0.50      0.40         2
           9       0.00      0.00      0.00         2
          10       1.00      0.50      0.67         2
          11       0.00      0.00      0.00         2
          12       0.00      0.00      0.00         2
          13       0.17      0.50      0.25         2
          14       0.20      0.50      0.29         2

   micro avg       0.30      0.30      0.30        30
   macro avg       0.32      0.30      0.28        30
weighted avg       0.32      0.30      0.28        30
