              precision    recall  f1-score   support

           0       0.00      0.00      0.00         0
           1       1.00      1.00      1.00         2
           2       1.00      0.50      0.67         2
           3       0.00      0.00      0.00         1
           4       0.00      0.00      0.00         0
           5       0.00      0.00      0.00         0
           6       0.67      0.33      0.44         6
           7       0.50      1.00      0.67         2
           8       0.40      0.67      0.50         3
           9       0.00      0.00      0.00         0
          10       1.00      0.50      0.67         4
          11       1.00      0.50      0.67         2
          12       0.75      0.75      0.75         4
          13       1.00      1.00      1.00         2
          14       0.50      0.50      0.50         2

   micro avg       0.60      0.60      0.60        30
   macro avg       0.52      0.45      0.46        30
weighted avg       0.74      0.60      0.63        30
