              precision    recall  f1-score   support

           0       0.20      0.50      0.29         2
           1       0.33      0.50      0.40         2
           2       1.00      0.50      0.67         2
           3       0.33      0.50      0.40         2
           4       0.00      0.00      0.00         2
           5       0.50      1.00      0.67         2
           6       0.67      1.00      0.80         2
           7       1.00      0.50      0.67         2
           8       0.50      0.50      0.50         2
           9       0.00      0.00      0.00         2
          10       1.00      0.50      0.67         2
          11       1.00      0.50      0.67         2
          12       0.00      0.00      0.00         2
          13       0.50      1.00      0.67         2
          14       0.50      0.50      0.50         2

   micro avg       0.50      0.50      0.50        30
   macro avg       0.50      0.50      0.46        30
weighted avg       0.50      0.50      0.46        30
