              precision    recall  f1-score   support

           0       1.00      1.00      1.00         2
           1       0.00      0.00      0.00         2
           2       0.00      0.00      0.00         2
           3       0.00      0.00      0.00         2
           4       1.00      1.00      1.00         2
           5       0.00      0.00      0.00         2
           6       0.50      0.50      0.50         2
           7       0.50      0.50      0.50         2
           8       0.00      0.00      0.00         2
           9       0.50      0.50      0.50         2
          10       0.33      0.50      0.40         2
          11       0.00      0.00      0.00         2
          12       0.00      0.00      0.00         2
          13       0.00      0.00      0.00         2
          14       0.00      0.00      0.00         2

   micro avg       0.27      0.27      0.27        30
   macro avg       0.26      0.27      0.26        30
weighted avg       0.26      0.27      0.26        30
