              precision    recall  f1-score   support

           0       0.00      0.00      0.00         1
           1       1.00      1.00      1.00         1
           2       1.00      1.00      1.00         1
           3       0.50      1.00      0.67         1
           4       0.00      0.00      0.00         1
           5       1.00      1.00      1.00         1
           6       1.00      1.00      1.00         1
           7       1.00      1.00      1.00         1
           8       1.00      1.00      1.00         1
           9       1.00      1.00      1.00         1
          10       1.00      1.00      1.00         1
          11       1.00      1.00      1.00         1
          12       1.00      1.00      1.00         1
          13       1.00      1.00      1.00         1
          14       0.50      1.00      0.67         1

   micro avg       0.87      0.87      0.87        15
   macro avg       0.80      0.87      0.82        15
weighted avg       0.80      0.87      0.82        15
