              precision    recall  f1-score   support

           0       1.00      1.00      1.00         1
           1       0.20      0.50      0.29         2
           2       0.50      0.50      0.50         2
           3       0.80      1.00      0.89         4
           4       1.00      0.67      0.80         3
           5       0.00      0.00      0.00         0
           6       0.00      0.00      0.00         5
           7       0.67      1.00      0.80         2
           8       0.00      0.00      0.00         1
           9       0.50      0.50      0.50         2
          10       0.33      1.00      0.50         1
          11       1.00      1.00      1.00         1
          12       1.00      1.00      1.00         2
          13       1.00      1.00      1.00         2
          14       1.00      1.00      1.00         2

   micro avg       0.67      0.67      0.67        30
   macro avg       0.60      0.68      0.62        30
weighted avg       0.61      0.67      0.62        30
