              precision    recall  f1-score   support

           0       0.67      1.00      0.80         2
           1       0.00      0.00      0.00         2
           2       1.00      0.50      0.67         2
           3       0.50      0.50      0.50         2
           4       1.00      0.50      0.67         2
           5       1.00      1.00      1.00         2
           6       0.50      1.00      0.67         2
           7       0.25      0.50      0.33         2
           8       0.25      0.50      0.33         2
           9       0.33      0.50      0.40         2
          10       0.00      0.00      0.00         2
          11       0.00      0.00      0.00         2
          12       0.00      0.00      0.00         2
          13       1.00      1.00      1.00         2
          14       0.00      0.00      0.00         2

   micro avg       0.47      0.47      0.47        30
   macro avg       0.43      0.47      0.42        30
weighted avg       0.43      0.47      0.42        30
